departure location: 26-715 or 727-972
departure station: 45-164 or 175-960
departure platform: 43-247 or 270-972
departure track: 25-306 or 330-949
departure date: 26-635 or 660-961
departure time: 42-773 or 793-961
arrival location: 28-928 or 943-952
arrival station: 36-593 or 613-966
arrival platform: 33-280 or 297-951
arrival track: 44-358 or 371-974
class: 39-815 or 839-955
duration: 39-573 or 589-959
price: 49-846 or 865-962
route: 30-913 or 924-954
row: 29-865 or 890-965
seat: 44-667 or 683-969
train: 32-473 or 482-969
type: 40-424 or 432-953
wagon: 49-156 or 164-960
zone: 34-521 or 534-971

your ticket:
73,101,67,97,149,53,89,113,79,131,71,127,137,61,139,103,83,107,109,59

nearby tickets:
279,705,188,357,892,488,741,247,572,176,760,306,410,861,507,906,179,501,808,245
51,436,407,893,228,722,213,239,813,460,415,571,95,98,116,138,811,552,164,813
407,242,909,340,99,906,566,749,880,708,273,843,737,244,244,461,903,198,806,64
83,740,373,298,441,199,633,271,397,437,693,624,461,372,296,684,122,795,754,124
294,541,629,865,767,632,434,189,86,799,891,667,466,707,419,197,225,627,243,750
158,405,551,439,803,149,737,773,220,910,341,798,536,209,753,199,273,141,617,122
457,176,371,757,456,192,304,803,256,627,695,762,232,400,755,520,706,926,200,382
566,92,846,448,743,796,54,210,442,623,423,247,52,262,386,747,337,514,145,635
729,403,105,108,514,434,752,244,175,291,147,78,520,708,843,494,409,392,744,572
799,76,122,195,129,298,242,547,563,909,750,438,178,632,514,273,858,397,708,151
482,119,106,800,341,112,804,846,436,566,890,925,515,886,763,236,793,420,908,133
